x
0
60
120
180
240
300
360
420
480
540
600
660
720
780
840
900
960
1020
1080
1140
1200
1260
1320
1380
1440
1500
1560
1620
1680
1740
1800
1860
1920
1980
2040
2100
2160
2220
2280
2340
2400
2460
2520
2580
2640
2700
2760
2820
2880
2940
3000
3060
3120
3180
3240
3300
3360
3420
3480
3540
3600
3660
3720
3780
3840
3900
3960
4020
4080
4140
4200
4260
4320
4380
4440
4500
4560
4620
4680
4740
4800
4860
4920
4980
5040
5100
5160
5220
5280
5340
5400
5460
5520
5580
5640
5700
5760
5820
5880
5940
6000
6060
6120
6180
6240
6300
6360
6420
6480
6540
6600
6660
6720
6780
6840
6900
6960
7020
7080
7140
7200
7260
7320
7380
7440
7500
7560
7620
7680
7740
7800
7860
7920
7980
8040
8100
8160
8220
8280
8340
8400
8460
8520
8580
8640
8700
8760
8820
8880
8940
9000
9060
9120
9180
9240
9300
9360
9420
9480
9540
9600
9660
9720
9780
9840
9900
9960
10020
10080
10140
10200
10260
10320
10380
10440
10500
10560
10620
10680
10740
10800
10860
10920
10980
11040
11100
11160
11220
11280
11340
11400
11460
11520
11580
11640
11700
11760
11820
11880
11940
12000
12060
12120
12180
12240
12300
12360
12420
12480
12540
12600
12660
12720
12780
12840
12900
12960
13020
13080
13140
13200
13260
13320
13380
13440
13500
13560
13620
13680
13740
13800
13860
13920
13980
14040
14100
14160
14220
14280
14340
14400
14460
14520
14580
14640
14700
14760
14820
14880
14940
15000
15060
15120
15180
15240
15300
15360
15420
15480
15540
15600
15660
15720
15780
15840
15900
15960
16020
16080
16140
16200
16260
16320
16380
16440
16500
16560
16620
16680
16740
16800
16860
16920
16980
17040
17100
17160
17220
17280
17340
17400
17460
17520
17580
17640
17700
17760
17820
17880
17940
18000
18060
18120
18180
18240
18300
18360
18420
18480
18540
18600
18660
18720
18780
18840
18900
18960
19020
19080
19140
19200
19260
19320
19380
19440
19500
19560
19620
19680
19740
19800
19860
19920
19980
20040
20100
20160
20220
20280
20340
20400
20460
20520
20580
20640
20700
20760
20820
20880
20940
21000
21060
21120
21180
21240
21300
21360
21420
21480
21540
21600
21660
21720
21780
21840
21900
21960
22020
22080
22140
22200
22260
22320
22380
22440
22500
22560
22620
22680
22740
22800
22860
22920
22980
23040
23100
23160
23220
23280
23340
23400
23460
23520
23580
23640
23700
23760
23820
23880
23940
24000
24060
24120
24180
24240
24300
24360
24420
24480
24540
24600
24660
24720
24780
24840
24900
24960
25020
25080
25140
25200
25260
25320
25380
25440
25500
25560
25620
25680
25740
25800
25860
25920
25980
26040
26100
26160
26220
26280
26340
26400
26460
26520
26580
26640
26700
26760
26820
26880
26940
27000
27060
27120
27180
27240
27300
27360
27420
27480
27540
27600
27660
27720
27780
27840
27900
27960
28020
28080
28140
28200
28260
28320
28380
28440
28500
28560
28620
28680
28740
28800
28860
28920
28980
29040
29100
29160
29220
29280
29340
29400
29460
29520
29580
29640
29700
29760
29820
29880
29940
30000
30060
30120
30180
30240
30300
30360
30420
30480
30540
30600
30660
30720
30780
30840
30900
30960
31020
31080
31140
31200
31260
31320
31380
31440
31500
31560
31620
31680
31740
31800
31860
31920
31980
32040
32100
32160
32220
32280
32340
32400
32460
32520
32580
32640
32700
32760
32820
32880
32940
33000
33060
33120
33180
33240
33300
33360
33420
33480
33540
33600
33660
33720
33780
33840
33900
33960
34020
34080
34140
34200
34260
34320
34380
34440
34500
34560
34620
34680
34740
34800
34860
34920
34980
35040
35100
35160
35220
35280
35340
35400
35460
35520
35580
35640
35700
35760
35820
35880
35940
36000
36060
36120
36180
36240
36300
36360
36420
36480
36540
36600
36660
36720
36780
36840
36900
36960
37020
37080
37140
37200
37260
37320
37380
37440
37500
37560
37620
37680
37740
37800
37860
37920
37980
38040
38100
38160
38220
38280
38340
38400
38460
38520
38580
38640
38700
38760
38820
38880
38940
39000
39060
39120
39180
39240
39300
39360
39420
39480
39540
39600
39660
39720
39780
39840
39900
39960
40020
40080
40140
40200
40260
40320
40380
40440
40500
40560
40620
40680
40740
40800
40860
40920
40980
41040
41100
41160
41220
41280
41340
41400
41460
41520
41580
41640
41700
41760
41820
41880
41940
42000
42060
42120
42180
42240
42300
42360
42420
42480
42540
42600
42660
42720
42780
42840
42900
42960
43020
43080
43140
43200
43260
43320
43380
43440
43500
43560
43620
43680
43740
43800
43860
43920
43980
44040
44100
44160
44220
44280
44340
44400
44460
44520
44580
44640
44700
44760
44820
44880
44940
45000
45060
45120
45180
45240
45300
45360
45420
45480
45540
45600
45660
45720
45780
45840
45900
45960
46020
46080
46140
46200
46260
46320
46380
46440
46500
46560
46620
46680
46740
46800
46860
46920
46980
47040
47100
47160
47220
47280
47340
47400
47460
47520
47580
47640
47700
47760
47820
47880
47940
48000
48060
48120
48180
48240
48300
48360
48420
48480
48540
48600
48660
48720
48780
48840
48900
48960
49020
49080
49140
49200
49260
49320
49380
49440
49500
49560
49620
49680
49740
49800
49860
49920
49980
50040
50100
50160
50220
50280
50340
50400
50460
50520
50580
50640
50700
50760
50820
50880
50940
51000
51060
51120
51180
51240
51300
51360
51420
51480
51540
51600
51660
51720
51780
51840
51900
51960
52020
52080
52140
52200
52260
52320
52380
52440
52500
52560
52620
52680
52740
52800
52860
52920
52980
53040
53100
53160
53220
53280
53340
53400
53460
53520
53580
53640
53700
53760
53820
53880
53940
54000
54060
54120
54180
54240
54300
54360
54420
54480
54540
54600
54660
54720
54780
54840
54900
54960
55020
55080
55140
55200
55260
55320
55380
55440
55500
55560
55620
55680
55740
55800
55860
55920
55980
56040
56100
56160
56220
56280
56340
56400
56460
56520
56580
56640
56700
56760
56820
56880
56940
57000
57060
57120
57180
57240
57300
57360
57420
57480
57540
57600
57660
57720
57780
57840
57900
57960
58020
58080
58140
58200
58260
58320
58380
58440
58500
58560
58620
58680
58740
58800
58860
58920
58980
59040
59100
59160
59220
59280
59340
59400
59460
59520
59580
59640
59700
59760
59820
59880
59940
60000
60060
60120
60180
60240
60300
60360
60420
60480
60540
60600
60660
60720
60780
60840
60900
60960
61020
61080
61140
61200
61260
61320
61380
61440
61500
61560
61620
61680
61740
61800
61860
61920
61980
62040
62100
62160
62220
62280
62340
62400
62460
62520
62580
62640
62700
62760
62820
62880
62940
63000
63060
63120
63180
63240
63300
63360
63420
63480
63540
63600
63660
63720
63780
63840
63900
63960
64020
64080
64140
64200
64260
64320
64380
64440
64500
64560
64620
64680
64740
64800
64860
64920
64980
65040
65100
65160
65220
65280
65340
65400
65460
65520
65580
65640
65700
65760
65820
65880
65940
66000
66060
66120
66180
66240
66300
66360
66420
66480
66540
66600
66660
66720
66780
66840
66900
66960
67020
67080
67140
67200
67260
67320
67380
67440
67500
67560
67620
67680
67740
67800
67860
67920
67980
68040
68100
68160
68220
68280
68340
68400
68460
68520
68580
68640
68700
68760
68820
68880
68940
69000
69060
69120
69180
69240
69300
69360
69420
69480
69540
69600
69660
69720
69780
69840
69900
69960
70020
70080
70140
70200
70260
70320
70380
70440
70500
70560
70620
70680
70740
70800
70860
70920
70980
71040
71100
71160
71220
71280
71340
71400
71460
71520
71580
71640
71700
71760
71820
71880
71940
72000
72060
72120
72180
72240
72300
72360
72420
72480
72540
72600
72660
72720
72780
72840
72900
72960
73020
73080
73140
73200
73260
73320
73380
73440
73500
73560
73620
73680
73740
73800
73860
73920
73980
74040
74100
74160
74220
74280
74340
74400
74460
74520
74580
74640
74700
74760
74820
74880
74940
75000
75060
75120
75180
75240
75300
75360
75420
75480
75540
75600
75660
75720
75780
75840
75900
75960
76020
76080
76140
76200
76260
76320
76380
76440
76500
76560
76620
76680
76740
76800
76860
76920
76980
77040
77100
77160
77220
77280
77340
77400
77460
77520
77580
77640
77700
77760
77820
77880
77940
78000
78060
78120
78180
78240
78300
78360
78420
78480
78540
78600
78660
78720
78780
78840
78900
78960
79020
79080
79140
79200
79260
79320
79380
79440
79500
79560
79620
79680
79740
79800
79860
79920
79980
80040
80100
80160
80220
80280
80340
80400
80460
80520
80580
80640
80700
80760
80820
80880
80940
81000
81060
81120
81180
81240
81300
81360
81420
81480
81540
81600
81660
81720
81780
81840
81900
81960
82020
82080
82140
82200
82260
82320
82380
82440
82500
82560
82620
82680
82740
82800
82860
82920
82980
83040
83100
83160
83220
83280
83340
83400
83460
83520
83580
83640
83700
83760
83820
83880
83940
84000
84060
84120
84180
84240
84300
84360
84420
84480
84540
84600
84660
84720
84780
84840
84900
84960
85020
85080
85140
85200
85260
85320
85380
85440
85500
85560
85620
85680
85740
85800
85860
85920
85980
86040
86100
86160
86220
86280
86340
86400
86460
86520
86580
86640
86700
86760
86820
86880
86940
87000
87060
87120
87180
87240
87300
87360
87420
87480
87540
87600
87660
87720
87780
87840
87900
87960
88020
88080
88140
88200
88260
88320
88380
88440
88500
88560
88620
88680
88740
88800
88860
88920
88980
89040
89100
89160
89220
89280
89340
89400
89460
89520
89580
89640
89700
89760
89820
89880
89940
90000
90060
90120
90180
90240
90300
90360
90420
90480
90540
90600
90660
90720
90780
90840
90900
90960
91020
91080
91140
91200
91260
91320
91380
91440
91500
91560
91620
91680
91740
91800
91860
91920
91980
92040
92100
92160
92220
92280
92340
92400
92460
92520
92580
92640
92700
92760
92820
92880
92940
93000
93060
93120
93180
93240
93300
93360
93420
93480
93540
93600
93660
93720
93780
93840
93900
93960
94020
94080
94140
94200
94260
94320
94380
94440
94500
94560
94620
94680
94740
94800
94860
94920
94980
95040
95100
95160
95220
95280
95340
95400
95460
95520
95580
95640
95700
95760
95820
95880
95940
96000
96060
96120
96180
96240
96300
96360
96420
96480
96540
96600
96660
96720
96780
96840
96900
96960
97020
97080
97140
97200
97260
97320
97380
97440
97500
97560
97620
97680
97740
97800
97860
97920
97980
98040
98100
98160
98220
98280
98340
98400
98460
98520
98580
98640
98700
98760
98820
98880
98940
99000
99060
99120
99180
99240
99300
99360
99420
99480
99540
99600
99660
99720
99780
99840
99900
99960
100020
100080
100140
100200
100260
100320
100380
100440
100500
100560
100620
100680
100740
100800
100860
100920
100980
101040
101100
101160
101220
101280
101340
101400
101460
101520
101580
101640
101700
101760
101820
101880
101940
102000
102060
102120
102180
102240
102300
102360
102420
102480
102540
102600
102660
102720
102780
102840
102900
102960
103020
103080
103140
103200
103260
103320
103380
103440
103500
103560
103620
103680
103740
103800
103860
103920
103980
104040
104100
104160
104220
104280
104340
104400
104460
104520
104580
104640
104700
104760
104820
104880
104940
105000
105060
105120
105180
105240
105300
105360
105420
105480
105540
105600
105660
105720
105780
105840
105900
105960
106020
106080
106140
106200
106260
106320
106380
106440
106500
106560
106620
106680
106740
106800
106860
106920
106980
107040
107100
107160
107220
107280
107340
107400
107460
107520
107580
107640
107700
107760
107820
107880
107940
108000
108060
108120
108180
108240
108300
108360
108420
108480
108540
108600
108660
108720
108780
108840
108900
108960
109020
109080
109140
109200
109260
109320
109380
109440
109500
109560
109620
109680
109740
109800
109860
109920
109980
110040
110100
110160
110220
110280
110340
110400
110460
110520
110580
110640
110700
110760
110820
110880
110940
111000
111060
111120
111180
111240
111300
111360
111420
111480
111540
111600
111660
111720
111780
111840
111900
111960
112020
112080
112140
112200
112260
112320
112380
112440
112500
112560
112620
112680
112740
112800
112860
112920
112980
113040
113100
113160
113220
113280
113340
113400
113460
113520
113580
113640
113700
113760
113820
113880
113940
114000
114060
114120
114180
114240
114300
114360
114420
114480
114540
114600
114660
114720
114780
114840
114900
114960
115020
115080
115140
115200
115260
115320
115380
115440
115500
115560
115620
115680
115740
115800
115860
115920
115980
116040
116100
116160
116220
116280
116340
116400
116460
116520
116580
116640
116700
116760
116820
116880
116940
117000
117060
117120
117180
117240
117300
117360
117420
117480
117540
117600
117660
117720
117780
117840
117900
117960
118020
118080
118140
118200
118260
118320
118380
118440
118500
118560
118620
118680
118740
118800
118860
118920
118980
119040
119100
119160
119220
119280
119340
119400
119460
119520
119580
119640
119700
119760
119820
119880
119940
120000
120060
120120
120180
120240
120300
120360
120420
120480
120540
120600
120660
120720
120780
120840
120900
120960
121020
121080
121140
121200
121260
121320
121380
121440
121500
121560
121620
121680
121740
121800
121860
121920
121980
122040
122100
122160
122220
122280
122340
122400
122460
122520
122580
122640
122700
122760
122820
122880
122940
123000
123060
123120
123180
123240
123300
123360
123420
123480
123540
123600
123660
123720
123780
123840
123900
123960
124020
124080
124140
124200
124260
124320
124380
124440
124500
124560
124620
124680
124740
124800
124860
124920
124980
125040
125100
125160
125220
125280
125340
125400
125460
125520
125580
125640
125700
125760
125820
125880
125940
126000
126060
126120
126180
126240
126300
126360
126420
126480
126540
126600
126660
126720
126780
126840
126900
126960
127020
127080
127140
127200
127260
127320
127380
127440
127500
127560
127620
127680
127740
127800
127860
127920
127980
128040
128100
128160
128220
128280
128340
128400
128460
128520
128580
128640
128700
128760
128820
128880
128940
129000
129060
129120
129180
129240
129300
129360
129420
129480
129540
129600
129660
129720
129780
129840
129900
129960
130020
130080
130140
130200
130260
130320
130380
130440
130500
130560
130620
130680
130740
130800
130860
130920
130980
131040
131100
131160
131220
131280
131340
131400
131460
131520
131580
131640
131700
131760
131820
131880
131940
132000
132060
132120
132180
132240
132300
132360
132420
132480
132540
132600
132660
132720
132780
132840
132900
132960
133020
133080
133140
133200
133260
133320
133380
133440
133500
133560
133620
133680
133740
133800
133860
133920
133980
134040
134100
134160
134220
134280
134340
134400
134460
134520
134580
134640
134700
134760
134820
134880
134940
135000
135060
135120
135180
135240
135300
135360
135420
135480
135540
135600
135660
135720
135780
135840
135900
135960
136020
136080
136140
136200
136260
136320
136380
136440
136500
136560
136620
136680
136740
136800
136860
136920
136980
137040
137100
137160
137220
137280
137340
137400
137460
137520
137580
137640
137700
137760
137820
137880
137940
138000
138060
138120
138180
138240
138300
138360
138420
138480
138540
138600
138660
138720
138780
138840
138900
138960
139020
139080
139140
139200
139260
139320
139380
139440
139500
139560
139620
139680
139740
139800
139860
139920
139980
140040
140100
140160
140220
140280
140340
140400
140460
140520
140580
140640
140700
140760
140820
140880
140940
141000
141060
141120
141180
141240
141300
141360
141420
141480
141540
141600
141660
141720
141780
141840
141900
141960
142020
142080
142140
142200
142260
142320
142380
142440
142500
142560
142620
142680
142740
142800
142860
142920
142980
143040
143100
143160
143220
143280
143340
143400
143460
143520
143580
143640
143700
143760
143820
143880
143940
144000
144060
144120
144180
144240
144300
144360
144420
144480
144540
144600
144660
144720
144780
144840
144900
144960
145020
145080
145140
145200
145260
145320
145380
145440
145500
145560
145620
145680
145740
145800
145860
145920
145980
146040
146100
146160
146220
146280
146340
146400
146460
146520
146580
146640
146700
146760
146820
146880
146940
147000
147060
147120
147180
147240
147300
147360
147420
147480
147540
147600
147660
147720
147780
147840
147900
147960
148020
148080
148140
148200
148260
148320
148380
148440
148500
148560
148620
148680
148740
148800
148860
148920
148980
149040
149100
149160
149220
149280
149340
149400
149460
149520
149580
149640
149700
149760
149820
149880
149940
150000
150060
150120
150180
150240
150300
150360
150420
150480
150540
150600
150660
150720
150780
150840
150900
150960
151020
151080
151140
151200
151260
151320
151380
151440
151500
151560
151620
151680
151740
151800
151860
151920
151980
152040
152100
152160
152220
152280
152340
152400
152460
152520
152580
152640
152700
152760
152820
152880
152940
153000
153060
153120
153180
153240
153300
153360
153420
153480
153540
153600
153660
153720
153780
153840
153900
153960
154020
154080
154140
154200
154260
154320
154380
154440
154500
154560
154620
154680
154740
154800
154860
154920
154980
155040
155100
155160
155220
155280
155340
155400
155460
155520
155580
155640
155700
155760
155820
155880
155940
156000
156060
156120
156180
156240
156300
156360
156420
156480
156540
156600
156660
156720
156780
156840
156900
156960
157020
157080
157140
157200
157260
157320
157380
157440
157500
157560
157620
157680
157740
157800
157860
157920
157980
158040
158100
158160
158220
158280
158340
158400
158460
158520
158580
158640
158700
158760
158820
158880
158940
159000
159060
159120
159180
159240
159300
159360
159420
159480
159540
159600
159660
159720
159780
159840
159900
159960
160020
160080
160140
160200
160260
160320
160380
160440
160500
160560
160620
160680
160740
160800
160860
160920
160980
161040
161100
161160
161220
161280
161340
161400
161460
161520
161580
161640
161700
161760
161820
161880
161940
162000
162060
162120
162180
162240
162300
162360
162420
162480
162540
162600
162660
162720
162780
162840
162900
162960
163020
163080
163140
163200
163260
163320
163380
163440
163500
163560
163620
163680
163740
163800
163860
163920
163980
164040
164100
164160
164220
164280
164340
164400
164460
164520
164580
164640
164700
164760
164820
164880
164940
165000
165060
165120
165180
165240
165300
165360
165420
165480
165540
165600
165660
165720
165780
165840
165900
165960
166020
166080
166140
166200
166260
166320
166380
166440
166500
166560
166620
166680
166740
166800
166860
166920
166980
167040
167100
167160
167220
167280
167340
167400
167460
167520
167580
167640
167700
167760
167820
167880
167940
168000
168060
168120
168180
168240
168300
168360
168420
168480
168540
168600
168660
168720
168780
168840
168900
168960
169020
169080
169140
169200
169260
169320
169380
169440
169500
169560
169620
169680
169740
169800
169860
169920
169980
170040
170100
170160
170220
170280
170340
170400
170460
170520
170580
170640
170700
170760
170820
170880
170940
171000
171060
171120
171180
171240
171300
171360
171420
171480
171540
171600
171660
171720
171780
171840
171900
171960
172020
172080
172140
172200
172260
172320
172380
172440
172500
172560
172620
172680
172740
172800
172860
172920
172980
173040
173100
173160
173220
173280
173340
173400
173460
173520
173580
173640
173700
173760
173820
173880
173940
174000
174060
174120
174180
174240
174300
174360
174420
174480
174540
174600
174660
174720
174780
174840
174900
174960
175020
175080
175140
175200
175260
175320
175380
175440
175500
175560
175620
175680
175740
175800
175860
175920
175980
176040
176100
176160
176220
176280
176340
176400
176460
176520
176580
176640
176700
176760
176820
176880
176940
177000
177060
177120
177180
177240
177300
177360
177420
177480
177540
177600
177660
177720
177780
177840
177900
177960
178020
178080
178140
178200
178260
178320
178380
178440
178500
178560
178620
178680
178740
178800
178860
178920
178980
179040
179100
179160
179220
179280
179340
179400
179460
179520
179580
179640
179700
179760
179820
179880
179940
180000
180060
180120
180180
180240
180300
180360
180420
180480
180540
180600
180660
180720
180780
180840
180900
180960
181020
181080
181140
181200
181260
181320
181380
181440
181500
181560
181620
181680
181740
181800
181860
181920
181980
182040
182100
182160
182220
182280
182340
182400
182460
182520
182580
182640
182700
182760
182820
182880
182940
183000
183060
183120
183180
183240
183300
183360
183420
183480
183540
183600
183660
183720
183780
183840
183900
183960
184020
184080
184140
184200
184260
184320
184380
184440
184500
184560
184620
184680
184740
184800
184860
184920
184980
185040
185100
185160
185220
185280
185340
185400
185460
185520
185580
185640
185700
185760
185820
185880
185940
186000
186060
186120
186180
186240
186300
186360
186420
186480
186540
186600
186660
186720
186780
186840
186900
186960
187020
187080
187140
187200
187260
187320
187380
187440
187500
187560
187620
187680
187740
187800
187860
187920
187980
188040
188100
188160
188220
188280
188340
188400
188460
188520
188580
188640
188700
188760
188820
188880
188940
189000
189060
189120
189180
189240
189300
189360
189420
189480
189540
189600
189660
189720
189780
189840
189900
189960
190020
190080
190140
190200
190260
190320
190380
190440
190500
190560
190620
190680
190740
190800
190860
190920
190980
191040
191100
191160
191220
191280
191340
191400
191460
191520
191580
191640
191700
191760
191820
191880
191940
192000
192060
192120
192180
192240
192300
192360
192420
192480
192540
192600
192660
192720
192780
192840
192900
192960
193020
193080
193140
193200
193260
193320
193380
193440
193500
193560
193620
193680
193740
193800
193860
193920
193980
194040
194100
194160
194220
194280
194340
194400
194460
194520
194580
194640
194700
194760
194820
194880
194940
195000
195060
195120
195180
195240
195300
195360
195420
195480
195540
195600
195660
195720
195780
195840
195900
195960
196020
196080
196140
196200
196260
196320
196380
196440
196500
196560
196620
196680
196740
196800
196860
196920
196980
197040
197100
197160
197220
197280
197340
197400
197460
197520
197580
197640
197700
197760
197820
197880
197940
198000
198060
198120
198180
198240
198300
198360
198420
198480
198540
198600
198660
198720
198780
198840
198900
198960
199020
199080
199140
199200
199260
199320
199380
199440
199500
199560
199620
199680
199740
199800
199860
199920
199980
200040
200100
200160
200220
200280
200340
200400
200460
200520
200580
200640
200700
200760
200820
200880
200940
201000
201060
201120
201180
201240
201300
201360
201420
201480
201540
201600
201660
201720
201780
201840
201900
201960
202020
202080
202140
202200
202260
202320
202380
202440
202500
202560
202620
202680
202740
202800
202860
202920
202980
203040
203100
203160
203220
203280
203340
203400
203460
203520
203580
203640
203700
203760
203820
203880
203940
204000
204060
204120
204180
204240
204300
204360
204420
204480
204540
204600
204660
204720
204780
204840
204900
204960
205020
205080
205140
205200
205260
205320
205380
205440
205500
205560
205620
205680
205740
205800
205860
205920
205980
206040
206100
206160
206220
206280
206340
206400
206460
206520
206580
206640
206700
206760
206820
206880
206940
207000
207060
207120
207180
207240
207300
207360
207420
207480
207540
207600
207660
207720
207780
207840
207900
207960
208020
208080
208140
208200
208260
208320
208380
208440
208500
208560
208620
208680
208740
208800
208860
208920
208980
209040
209100
209160
209220
209280
209340
209400
209460
209520
209580
209640
209700
209760
209820
209880
209940
210000
210060
210120
210180
210240
210300
210360
210420
210480
210540
210600
210660
210720
210780
210840
210900
210960
211020
211080
211140
211200
211260
211320
211380
211440
211500
211560
211620
211680
211740
211800
211860
211920
211980
212040
212100
212160
212220
212280
212340
212400
212460
212520
212580
212640
212700
212760
212820
212880
212940
213000
213060
213120
213180
213240
213300
213360
213420
213480
213540
213600
213660
213720
213780
213840
213900
213960
214020
214080
214140
214200
214260
214320
214380
214440
214500
214560
214620
214680
214740
214800
214860
214920
214980
215040
215100
215160
215220
215280
215340
215400
215460
215520
215580
215640
215700
215760
215820
215880
215940
216000
216060
216120
216180
216240
216300
216360
216420
216480
216540
216600
216660
216720
216780
216840
216900
216960
217020
217080
217140
217200
217260
217320
217380
217440
217500
217560
217620
217680
217740
217800
217860
217920
217980
218040
218100
218160
218220
218280
218340
218400
218460
218520
218580
218640
218700
218760
218820
218880
218940
219000
219060
219120
219180
219240
219300
219360
219420
219480
219540
219600
219660
219720
219780
219840
219900
219960
220020
220080
220140
220200
220260
220320
220380
220440
220500
220560
220620
220680
220740
220800
220860
220920
220980
221040
221100
221160
221220
221280
221340
221400
221460
221520
221580
221640
221700
221760
221820
221880
221940
222000
222060
222120
222180
222240
222300
222360
222420
222480
222540
222600
222660
222720
222780
222840
222900
222960
223020
223080
223140
223200
223260
223320
223380
223440
223500
223560
223620
223680
223740
223800
223860
223920
223980
224040
224100
224160
224220
224280
224340
224400
224460
224520
224580
224640
224700
224760
224820
224880
224940
225000
225060
225120
225180
225240
225300
225360
225420
225480
225540
225600
225660
225720
225780
225840
225900
225960
226020
226080
226140
226200
226260
226320
226380
226440
226500
226560
226620
226680
226740
226800
226860
226920
226980
227040
227100
227160
227220
227280
227340
227400
227460
227520
227580
227640
227700
227760
227820
227880
227940
228000
228060
228120
228180
228240
228300
228360
228420
228480
228540
228600
228660
228720
228780
228840
228900
228960
229020
229080
229140
229200
229260
229320
229380
229440
229500
229560
229620
229680
229740
229800
229860
229920
229980
230040
230100
230160
230220
230280
230340
230400
230460
230520
230580
230640
230700
230760
230820
230880
230940
231000
231060
231120
231180
231240
231300
231360
231420
231480
231540
231600
231660
231720
231780
231840
231900
231960
232020
232080
232140
232200
232260
232320
232380
232440
232500
232560
232620
232680
232740
232800
232860
232920
232980
233040
233100
233160
233220
233280
233340
233400
233460
233520
233580
233640
233700
233760
233820
233880
233940
234000
234060
234120
234180
234240
234300
234360
234420
234480
234540
234600
234660
234720
234780
234840
234900
234960
235020
235080
235140
235200
235260
235320
235380
235440
235500
235560
235620
235680
235740
235800
235860
235920
235980
236040
236100
236160
236220
236280
236340
236400
236460
236520
236580
236640
236700
236760
236820
236880
236940
237000
237060
237120
237180
237240
237300
237360
237420
237480
237540
237600
237660
237720
237780
237840
237900
237960
238020
238080
238140
238200
238260
238320
238380
238440
238500
238560
238620
238680
238740
238800
238860
238920
238980
239040
239100
239160
239220
239280
239340
239400
239460
239520
239580
239640
239700
239760
239820
239880
239940
240000
240060
240120
240180
240240
240300
240360
240420
240480
240540
240600
240660
240720
240780
240840
240900
240960
241020
241080
241140
241200
241260
241320
241380
241440
241500
241560
241620
241680
241740
241800
241860
241920
241980
242040
242100
242160
242220
242280
242340
242400
242460
242520
242580
242640
242700
242760
242820
242880
242940
243000
243060
243120
243180
243240
243300
243360
243420
243480
243540
243600
243660
243720
243780
243840
243900
243960
244020
244080
244140
244200
244260
244320
244380
244440
244500
244560
244620
244680
244740
244800
244860
244920
244980
245040
245100
245160
245220
245280
245340
245400
245460
245520
245580
245640
245700
245760
245820
245880
245940
246000
246060
246120
246180
246240
246300
246360
246420
246480
246540
246600
246660
246720
246780
246840
246900
246960
247020
247080
247140
247200
247260
247320
247380
247440
247500
247560
247620
247680
247740
247800
247860
247920
247980
248040
248100
248160
248220
248280
248340
248400
248460
248520
248580
248640
248700
248760
248820
248880
248940
249000
249060
249120
249180
249240
249300
249360
249420
249480
249540
249600
249660
249720
249780
249840
249900
249960
250020
250080
250140
250200
250260
250320
250380
250440
250500
250560
250620
250680
250740
250800
250860
250920
250980
251040
251100
251160
251220
251280
251340
251400
251460
251520
251580
251640
251700
251760
251820
251880
251940
252000
252060
252120
252180
252240
252300
252360
252420
252480
252540
252600
252660
252720
252780
252840
252900
252960
253020
253080
253140
253200
253260
253320
253380
253440
253500
253560
253620
253680
253740
253800
253860
253920
253980
254040
254100
254160
254220
254280
254340
254400
254460
254520
254580
254640
254700
254760
254820
254880
254940
255000
255060
255120
255180
255240
255300
255360
255420
255480
255540
255600
255660
255720
255780
255840
255900
255960
256020
256080
256140
256200
256260
256320
256380
256440
256500
256560
256620
256680
256740
256800
256860
256920
256980
257040
257100
257160
257220
257280
257340
257400
257460
257520
257580
257640
257700
257760
257820
257880
257940
258000
258060
258120
258180
258240
258300
258360
258420
258480
258540
258600
258660
258720
258780
258840
258900
258960
259020
259080
259140
259200
259260
259320
259380
259440
259500
259560
259620
259680
259740
259800
259860
259920
259980
260040
260100
260160
260220
260280
260340
260400
260460
260520
260580
260640
260700
260760
260820
260880
260940
261000
261060
261120
261180
261240
261300
261360
261420
261480
261540
261600
261660
261720
261780
261840
261900
261960
262020
262080
262140
262200
262260
262320
262380
262440
262500
262560
262620
262680
262740
262800
262860
262920
262980
263040
263100
263160
263220
263280
263340
263400
263460
263520
263580
263640
263700
263760
263820
263880
263940
264000
264060
264120
264180
264240
264300
264360
264420
264480
264540
264600
264660
264720
264780
264840
264900
264960
265020
265080
265140
265200
265260
265320
265380
265440
265500
265560
265620
265680
265740
265800
265860
265920
265980
266040
266100
266160
266220
266280
266340
266400
266460
266520
266580
266640
266700
266760
266820
266880
266940
267000
267060
267120
267180
267240
267300
267360
267420
267480
267540
267600
267660
267720
267780
267840
267900
267960
268020
268080
268140
268200
268260
268320
268380
268440
268500
268560
268620
268680
268740
268800
268860
268920
268980
269040
269100
269160
269220
269280
269340
269400
269460
269520
269580
269640
269700
269760
269820
269880
269940
270000
270060
270120
270180
270240
270300
270360
270420
270480
270540
270600
270660
270720
270780
270840
270900
270960
271020
271080
271140
271200
271260
271320
271380
271440
271500
271560
271620
271680
271740
271800
271860
271920
271980
272040
272100
272160
272220
272280
272340
272400
272460
272520
272580
272640
272700
272760
272820
272880
272940
273000
273060
273120
273180
273240
273300
273360
273420
273480
273540
273600
273660
273720
273780
273840
273900
273960
274020
274080
274140
274200
274260
274320
274380
274440
274500
274560
274620
274680
274740
274800
274860
274920
274980
275040
275100
275160
275220
275280
275340
275400
275460
275520
275580
275640
275700
275760
275820
275880
275940
276000
276060
276120
276180
276240
276300
276360
276420
276480
276540
276600
276660
276720
276780
276840
276900
276960
277020
277080
277140
277200
277260
277320
277380
277440
277500
277560
277620
277680
277740
277800
277860
277920
277980
278040
278100
278160
278220
278280
278340
278400
278460
278520
278580
278640
278700
278760
278820
278880
278940
279000
279060
279120
279180
279240
279300
279360
279420
279480
279540
279600
279660
279720
279780
279840
279900
279960
280020
280080
280140
280200
280260
280320
280380
280440
280500
280560
280620
280680
280740
280800
280860
280920
280980
281040
281100
281160
281220
281280
281340
281400
281460
281520
281580
281640
281700
281760
281820
281880
281940
282000
282060
282120
282180
282240
282300
282360
282420
282480
282540
282600
282660
282720
282780
282840
282900
282960
283020
283080
283140
283200
283260
283320
283380
283440
283500
283560
283620
283680
283740
283800
283860
283920
283980
284040
284100
284160
284220
284280
284340
284400
284460
284520
284580
284640
284700
284760
284820
284880
284940
285000
285060
285120
285180
285240
285300
285360
285420
285480
285540
285600
285660
285720
285780
285840
285900
285960
286020
286080
286140
286200
286260
286320
286380
286440
286500
286560
286620
286680
286740
286800
286860
286920
286980
287040
287100
287160
287220
287280
287340
287400
287460
287520
287580
287640
287700
287760
287820
287880
287940
288000
288060
288120
288180
288240
288300
288360
288420
288480
288540
288600
288660
288720
288780
288840
288900
288960
289020
289080
289140
289200
289260
289320
289380
289440
289500
289560
289620
289680
289740
289800
289860
289920
289980
290040
290100
290160
290220
290280
290340
290400
290460
290520
290580
290640
290700
290760
290820
290880
290940
291000
291060
291120
291180
291240
291300
291360
291420
291480
291540
291600
291660
291720
291780
291840
291900
291960
292020
292080
292140
292200
292260
292320
292380
292440
292500
292560
292620
292680
292740
292800
292860
292920
292980
293040
293100
293160
293220
293280
293340
293400
293460
293520
293580
293640
293700
293760
293820
293880
293940
294000
294060
294120
294180
294240
294300
294360
294420
294480
294540
294600
294660
294720
294780
294840
294900
294960
295020
295080
295140
295200
295260
295320
295380
295440
295500
295560
295620
295680
295740
295800
295860
295920
295980
296040
296100
296160
296220
296280
296340
296400
296460
296520
296580
296640
296700
296760
296820
296880
296940
297000
297060
297120
297180
297240
297300
297360
297420
297480
297540
297600
297660
297720
297780
297840
297900
297960
298020
298080
298140
298200
298260
298320
298380
298440
298500
298560
298620
298680
298740
298800
298860
298920
298980
299040
299100
299160
299220
299280
299340
299400
299460
299520
299580
299640
299700
299760
299820
299880
299940
3e+05
300060
300120
300180
300240
300300
300360
300420
300480
300540
300600
300660
300720
300780
300840
300900
300960
301020
301080
301140
301200
301260
301320
301380
301440
301500
301560
301620
301680
301740
301800
301860
301920
301980
302040
302100
302160
302220
302280
302340
302400
302460
302520
302580
302640
302700
302760
302820
302880
302940
303000
303060
303120
303180
303240
303300
303360
303420
303480
303540
303600
303660
303720
303780
303840
303900
303960
304020
304080
304140
304200
304260
304320
304380
304440
304500
304560
304620
304680
304740
304800
304860
304920
304980
305040
305100
305160
305220
305280
305340
305400
305460
305520
305580
305640
305700
305760
305820
305880
305940
306000
306060
306120
306180
306240
306300
306360
306420
306480
306540
306600
306660
306720
306780
306840
306900
306960
307020
307080
307140
307200
307260
307320
307380
307440
307500
307560
307620
307680
307740
307800
307860
307920
307980
308040
308100
308160
308220
308280
308340
308400
308460
308520
308580
308640
308700
308760
308820
308880
308940
309000
309060
309120
309180
309240
309300
309360
309420
309480
309540
309600
309660
309720
309780
309840
309900
309960
310020
310080
310140
310200
310260
310320
310380
310440
310500
310560
310620
310680
310740
310800
310860
310920
310980
311040
311100
311160
311220
311280
311340
311400
311460
311520
311580
311640
311700
311760
311820
311880
311940
312000
312060
312120
312180
312240
312300
312360
312420
312480
312540
312600
312660
312720
312780
312840
312900
312960
313020
313080
313140
313200
313260
313320
313380
313440
313500
313560
313620
313680
313740
313800
313860
313920
313980
314040
314100
314160
314220
314280
314340
314400
314460
314520
314580
314640
314700
314760
314820
314880
314940
315000
315060
315120
315180
315240
315300
315360
315420
315480
315540
315600
315660
315720
315780
315840
315900
315960
316020
316080
316140
316200
316260
316320
316380
316440
316500
316560
316620
316680
316740
316800
316860
316920
316980
317040
317100
317160
317220
317280
317340
317400
317460
317520
317580
317640
317700
317760
317820
317880
317940
318000
318060
318120
318180
318240
318300
318360
318420
318480
318540
318600
318660
318720
318780
318840
318900
318960
319020
319080
319140
319200
319260
319320
319380
319440
319500
319560
319620
319680
319740
319800
319860
319920
319980
320040
320100
320160
320220
320280
320340
320400
320460
320520
320580
320640
320700
320760
320820
320880
320940
321000
321060
321120
321180
321240
321300
321360
321420
321480
321540
321600
321660
321720
321780
321840
321900
321960
322020
322080
322140
322200
322260
322320
322380
322440
322500
322560
322620
322680
322740
322800
322860
322920
322980
323040
323100
323160
323220
323280
323340
323400
323460
323520
323580
323640
323700
323760
323820
323880
323940
324000
324060
324120
324180
324240
324300
324360
324420
324480
324540
324600
324660
324720
324780
324840
324900
324960
325020
325080
325140
325200
325260
325320
325380
325440
325500
325560
325620
325680
325740
325800
325860
325920
325980
326040
326100
326160
326220
326280
326340
326400
326460
326520
326580
326640
326700
326760
326820
326880
326940
327000
327060
327120
327180
327240
327300
327360
327420
327480
327540
327600
327660
327720
327780
327840
327900
327960
328020
328080
328140
328200
328260
328320
328380
328440
328500
328560
328620
328680
328740
328800
328860
328920
328980
329040
329100
329160
329220
329280
329340
329400
329460
329520
329580
329640
329700
329760
329820
329880
329940
330000
330060
330120
330180
330240
330300
330360
330420
330480
330540
330600
330660
330720
330780
330840
330900
330960
331020
331080
331140
331200
331260
331320
331380
331440
331500
331560
331620
331680
331740
331800
331860
331920
331980
332040
332100
332160
332220
332280
332340
332400
332460
332520
332580
332640
332700
332760
332820
332880
332940
333000
333060
333120
333180
333240
333300
333360
333420
333480
333540
333600
333660
333720
333780
333840
333900
333960
334020
334080
334140
334200
334260
334320
334380
334440
334500
334560
334620
334680
334740
334800
334860
334920
334980
335040
335100
335160
335220
335280
335340
335400
335460
335520
335580
335640
335700
335760
335820
335880
335940
336000
336060
336120
336180
336240
336300
336360
336420
336480
336540
336600
336660
336720
336780
336840
336900
336960
337020
337080
337140
337200
337260
337320
337380
337440
337500
337560
337620
337680
337740
337800
337860
337903
